-0.271389
0.549154
-1.01848
1.76295
0.435285
-1.44425
0.117753
-0.202616
1.01008
1.16542
-0.869927
0.132233
-0.233595
-0.301506
2.07612
-1.64519
0.704537
0.22845
0.0528108
1.41097
0.168988
0.670107
-1.30205
2.00547
0.418929
1.04069
0.985936
0.0757204
-1.24941
-0.476496
-0.392377
-0.0909656
-0.97571
-1.27479
-0.275832
-1.31516
-1.41319
-0.116355
1.09631
1.34384
0.536722
-1.51628
0.376008
1.2738
2.06242
-0.440882
0.0941539
0.0205956
0.958117
-0.309001
1.0423
0.91279
0.567057
0.57835
-0.616662
-0.206681
1.2872
1.09184
-0.0137266
-0.513954
-1.15082
-1.33997
0.296532
-0.667044
-0.856884
-0.732562
-0.849593
-1.30193
0.221398
2.0109
-0.119082
0.0061952
1.84589
2.87737
-1.64065
-1.23313
1.10901
-1.04114
-0.0647207
0.671
0.0335168
-0.990086
-0.0765353
0.225638
-0.227866
-1.0167
-0.463515
-1.11485
0.984397
-0.129232
-0.69842
2.49301
-0.107321
0.8546
0.0310498
-0.730953
0.834622
-0.0260777
-1.00094
2.55743
2.17703
0.00567692
-0.265847
-1.27817
-1.65875
1.62513
0.708101
2.48118
0.937914
-1.53905
-0.145418
0.987334
-0.81105
-1.12449
0.927853
-0.270114
0.375484
-0.283385
-0.428507
-0.159559
-1.72331
-1.41081
-0.698446
-0.310253
-1.32101
2.17398
-0.805717
1.68
-0.37384
-0.728124
-0.0533117
-1.0091
-0.484879
-1.37758
-0.568376
-0.781807
0.047963
-0.0157632
0.316707
0.251533
-1.86784
-0.264728
0.294321
0.926351
-1.00527
0.114535
-0.165453
-0.145506
0.520568
-0.71264
-1.04075
0.274532
0.737417
-0.00246789
-0.128387
-1.01243
-0.854474
-0.0211404
-0.422648
-0.196124
-0.668789
0.773707
-0.810319
1.23119
-0.972074
-0.928754
-0.161258
-1.69031
1.83471
-1.16335
-0.110826
-0.212447
0.222396
0.156868
0.208792
0.341672
-0.136318
0.13637
0.920178
-0.215115
-1.32058
1.10559
0.836999
-1.07053
-0.0451218
-0.580479
-0.476277
-0.881466
-0.277968
0.819626
0.426001
-0.604484
1.26322
-1.41828
-0.3522
-0.149583
-0.135494
-1.42263
-0.554663
-0.452109
0.390271
-0.722914
-0.837285
0.193268
0.795263
-0.879948
1.42979
0.586951
-0.630458
0.713642
0.4965
1.7654
-1.2377
-1.1079
1.25247
2.11384
1.58213
0.311283
-0.23884
0.738217
-0.36641
-0.643934
-0.0058555
-1.26654
-1.38415
0.222846
0.359365
-0.890268
1.19657
-1.02772
2.67481
-0.29235
0.737736
-0.77536
-1.20179
0.810828
0.038318
0.535287
-0.131283
0.349742
-0.324529
1.22243
-0.99121
1.01127
0.157057
0.0790451
-0.329833
1.16032
0.333698
-0.360784
-0.217811
1.4209
-0.692213
0.0707711
0.253222
0.92101
0.65337
-0.377249
0.350295
0.996747
-0.28666
-0.0402171
1.01417
-0.617096
1.3557
-1.13411
0.028339
0.898355
-1.17045
-0.641743
-0.489807
0.446378
0.779476
-0.243409
1.18243
0.361243
2.92601
0.1427
0.74741
0.275395
-0.725604
0.955761
0.4325
-1.01232
0.43982
-0.167907
-1.54418
-0.341082
-0.237705
1.18712
-1.88831
-0.163974
-0.700079
1.24515
0.83952
-0.690514
0.699942
0.703625
0.641951
0.619223
-0.881576
0.509937
-0.808772
0.362419
-0.395416
0.541111
-1.55509
-0.538568
-1.12604
-1.13273
0.611607
-1.29002
-0.00868134
-0.383581
0.206299
-0.222403
-0.517479
-0.709564
-0.186314
-0.331768
-1.42765
0.435998
0.147172
0.00283797
-0.755347
-2.6603
-1.04429
0.749358
0.489267
1.43901
1.24751
1.10759
0.243909
-0.793212
0.153614
-0.646037
-0.057434
2.08183
-0.921501
1.30621
0.36964
-0.516435
-0.0768805
-2.13051
-0.341892
0.150158
1.87558
-1.55029
2.02896
-0.404654
1.85134
0.276921
0.546233
-0.636475
0.268904
0.305311
0.134025
0.419469
-0.43244
1.16864
-1.02714
-0.0371696
1.6476
-0.340474
-0.989437
-0.524153
0.745626
1.23763
1.30045
-0.238276
1.68937
-0.855183
-1.49032
-0.25441
0.0471988
0.0852239
-0.641021
0.597678
2.63516
-0.194491
-0.833467
-0.0075266
-0.364621
0.13356
1.75135
-0.845562
1.34366
0.740745
0.574439
-0.57312
0.446262
0.336968
1.68722
-0.104222
-0.583858
-0.335068
-1.9004
-2.63684
0.527946
0.786811
0.432399
-0.341306
-0.687709
-0.321533
0.79883
0.0357563
-0.250498
0.0903791
-0.662145
-1.39911
-1.13425
2.06807
-0.360415
-0.238361
1.1653
-0.984682
0.858561
-0.537306
0.307018
1.04877
0.579444
0.505611
-0.691985
0.132684
0.727816
-0.933326
0.992578
-1.54717
1.61316
-0.258731
-0.416489
-2.09063
0.446971
-0.972387
-0.362969
0.314031
-0.107445
0.818508
-0.453604
1.15595
-0.865253
-0.551929
-0.692038
-0.267582
-0.206712
0.593453
-1.5892
0.315199
-0.438384
-0.105534
0.710491
-1.06607
-1.23299
-0.121883
-0.443903
1.3433
0.207102
0.0214789
-1.48803
0.035295
-1.3938
0.405492
-0.424413
-0.692651
0.0131396
0.751408
0.188249
0.428935
-0.937112
1.13767
0.134814
-1.29797
-0.460637
0.326986
0.0553816
0.50599
0.669463
-0.558239
-2.20432
1.22649
-0.309896
0.894369
0.944705
-0.254936
-0.897636
0.354404
1.42045
0.23207
-1.05269
-0.770277
-0.443787
0.296519
-1.52718
-0.584798
0.854013
-0.864558
1.14445
-0.219445
2.55967
-0.520411
-0.34653
1.16594
0.230504
-0.644938
-0.161747
-0.449862
-0.622271
0.0523786
0.0190359
-0.195319
-0.0943644
0.86684
1.91534
-1.54854
1.51628
2.44852
0.162577
-0.965683
-0.9086
-0.100393
1.02042
0.793281
2.46228
-1.49467
0.032817
0.675098
0.179608
-0.548107
2.00686
0.856017
-0.670292
-0.602965
-1.30641
0.236346
-0.605561
-0.648294
-0.140844
0.341863
0.802072
-0.574036
0.984752
-1.55401
-0.0183819
-0.89037
0.0788328
0.0563409
0.852228
0.859973
1.61234
1.38249
-1.09314
0.048575
-0.454624
-0.293901
-0.814195
0.285267
0.0890425
0.0797569
0.28652
-0.463928
-0.446484
0.162783
-0.296157
0.558128
0.356082
-0.263219
-0.87005
0.715342
-0.595306
-1.33511
0.549011
0.342457
-0.166107
-0.0154034
0.453791
0.682019
-1.71694
-1.04568
-0.0951203
-0.441728
-0.38838
0.246266
-2.28934
0.945144
-0.853497
-0.775281
-0.769228
-1.01126
-0.210411
0.545758
-0.472681
0.149342
-2.06021
-2.34969
0.121055
-0.365019
-0.26755
-1.06692
0.490214
0.110342
0.303932
0.572073
1.35378
0.750331
0.164106
0.286424
-0.718814
1.45099
1.74279
0.0529993
1.58482
0.808625
0.310798
-2.71745
-0.290942
0.769615
-0.583305
-0.471794
-1.58399
-0.512336
-1.58488
-1.32711
-1.0042
1.21512
-0.783361
0.523088
0.134316
-0.0251838
0.776943
1.0474
-1.11367
-0.95198
0.291111
0.572081
0.605439
-0.660434
-0.761517
0.147708
0.643063
0.868597
0.255119
0.705116
0.630948
-2.06315
1.07542
-0.300225
-0.47682
-0.141442
0.190868
1.33992
-2.08573
-1.78198
0.0300806
-0.317307
0.39149
-1.77789
0.00520575
1.69641
0.198843
-1.41141
0.470845
-1.42347
-0.665917
-0.813629
-0.92665
0.0110374
0.523007
0.896754
-0.761212
-0.91786
0.0319687
-0.565386
2.04338
0.560076
0.0404875
-0.317535
0.831831
-1.27619
0.564313
0.645309
-1.07471
-1.45586
-4.22444e-05
0.951738
-0.292102
0.582866
0.65232
-0.838828
-1.4509
-0.78374
1.49725
-1.69864
0.179846
-1.03326
0.925242
1.23075
0.357011
-0.129293
-0.776001
1.38355
-0.684606
0.885628
-1.78963
-0.130832
0.230128
0.828543
0.223793
0.326953
2.13196
0.855082
1.37045
-0.597086
-0.173852
0.569729
-1.17488
-0.419374
-0.767236
-0.298126
-1.04274
1.56308
0.515857
0.45697
0.455833
0.363881
2.67966
0.293935
-0.88372
0.630098
1.40184
0.42029
0.527626
-0.00998749
0.803085
0.0746675
-1.5458
-0.0707109
0.999524
-0.0111804
0.249966
-1.50295
0.0669872
0.157136
-0.552433
0.440756
-1.12223
0.398909
1.06136
-0.7798
1.59232
0.321307
0.46157
0.751362
-0.999233
0.576546
-1.06648
0.1952
0.600488
-2.25971
0.823644
-1.16374
-0.115832
2.2923
0.110992
-0.252659
-1.56363
-0.984169
0.0264801
0.0433299
0.180901
-0.274346
0.523077
-0.498109
-0.473557
-1.73064
-0.0207179
-0.0157365
1.43518
1.45575
-0.451521
0.729555
0.484251
-1.10378
-1.31394
0.482314
0.33395
0.879205
0.0158835
0.409506
1.13152
0.224421
-0.827994
0.455362
0.305467
-1.47389
0.0139513
-0.908964
0.292747
-0.0293008
-0.886455
0.886497
3.54748
-0.632472
1.29555
-1.21589
1.19862
0.655073
1.70854
-1.18306
0.46572
1.46268
0.228877
-0.488087
-0.253822
1.19099
-1.80298
-1.21583
1.02537
-0.121399
-0.415099
1.10148
-0.277526
-0.543058
1.56885
0.885649
0.984156
1.20105
-0.581383
-0.80696
1.69474
-0.370885
-0.335051
0.169574
-2.91117
1.52213
-0.62169
-1.17107
-0.383437
-0.232934
1.03434
0.549323
0.110243
-0.187805
-1.45147
0.256034
-2.13367
1.5436
-1.08248
0.516413
-0.141206
-0.0203177
-1.14652
-0.0589192
0.123006
-2.91791
-0.0186514
1.15046
0.0586671
0.165785
1.47884
-0.549988
0.945098
-1.51222
1.86671
0.679137
-0.92959
0.504077
-0.313814
-0.324544
2.27246
-0.815595
0.706193
-1.31741
-0.366145
-2.25568
0.0951405
1.30196
-0.351035
-0.367245
-0.655296
0.317002
1.41247
0.458491
-1.13986
0.197763
0.634428
-0.801368
0.436453
-1.83776
-0.0737671
-0.613528
-0.588093
-1.47675
-0.298988
-1.7717
0.434402
1.71191
0.676682
0.184769
0.829526
-0.904085
-1.02486
-0.194653
-0.908043
-0.0189607
0.207486
0.524929
-0.665023
-0.574563
1.71595
-1.03209
0.358355
-0.503436
-1.32593
0.252549
0.116807
0.800183
0.40626
-1.27649
1.32699
0.303366
1.10914
-0.65467
0.238575
-0.703133
0.84856
-0.476956
-0.283376
1.22034
0.95089
-0.789213
1.61792
-0.767636
-0.204043
-0.547018
-0.148362
1.86316
-0.953374
-2.65426
0.364365
-0.546839
0.0325501
-0.197214
-0.25311
2.42114
0.271305
0.76697
0.0725366
0.931838
-2.02462
0.0807597
-1.06956
1.05879
0.529878
-0.927026
0.914654
-0.026959
0.824756
-0.142312
-0.439731
-0.87659
-0.064422
0.199092
0.41167
-0.0361035
0.700184
-0.585083
0.931662
0.592456
-1.07128
-0.369956
-1.06526
0.261481
-0.36069
-0.850608
0.912127
-0.395409
-0.443217
0.72273
1.00174
-0.932098
0.272605
0.764659
2.37608
-1.04822
-1.36149
1.44495
-0.695945
0.285846
-0.0197748
-0.456694
-0.514803
0.393131
0.516292
0.403047
-1.27851
-0.045938
0.257225
0.0544462
0.511585
2.2335